image_width: 640
image_height: 480
camera_name: 00b09d01005c071b
camera_matrix:
  rows: 3
  cols: 3
  data: [1062.35, 0, 342.514, 0, 1049.93, 257.835, 0, 0, 1]
distortion_coefficients:
  rows: 1
  cols: 5
  data: [-0.38486, -0.948312, -0.0275553, -0.00957461, 0]
rectification_matrix:
  rows: 3
  cols: 3
  data: [0.770361, -0.0271613, 0.637029, 0.0210844, 0.999631, 0.0171244, -0.637259, 0.000239364, 0.77065]
projection_matrix:
  rows: 3
  cols: 4
  data: [1577.73, 0, -606.162, -88.7543, 0, 1577.73, 231.4, 0, 0, 0, 1, 0]