image_width: 640
image_height: 480
camera_name: 00b09d01005c070d
camera_matrix:
  rows: 3
  cols: 3
  data: [1140.06, 0, 312.399, 0, 1108.45, 251.512, 0, 0, 1]
distortion_coefficients:
  rows: 1
  cols: 5
  data: [-0.74438, 1.14992, -0.03869, -0.0128457, 0]
rectification_matrix:
  rows: 3
  cols: 3
  data: [0.789788, -0.0274006, 0.612768, 0.0332119, 0.999447, 0.00188502, -0.61248, 0.0188624, 0.790261]
projection_matrix:
  rows: 3
  cols: 4
  data: [1577.73, 0, -606.162, 0, 0, 1577.73, 231.4, 0, 0, 0, 1, 0]